Version: 2.5
       uid  resource                     held              maxheld              barrier                limit              failcnt
     1043:  kmemsize                  5787331              8654848  9223372036854775807  9223372036854775807                    0
            lockedpages                     0                    0  9223372036854775807  9223372036854775807                    0
            privvmpages                 15272                32223  9223372036854775807  9223372036854775807                    0
            shmpages                        1                    2  9223372036854775807  9223372036854775807                    0
            numproc                        55                  108  9223372036854775807  9223372036854775807                    0
            physpages                    6857                13886               786432               786432                    0
            vmguarpages                     0                    0  9223372036854775807  9223372036854775807                    0
            oomguarpages                 2024                 2694  9223372036854775807  9223372036854775807                    0
            numtcpsock                     10                   13  9223372036854775807  9223372036854775807                    0
            numflock                        5                    9  9223372036854775807  9223372036854775807                    0
            numpty                          0                    1  9223372036854775807  9223372036854775807                    0
            numsiginfo                      0                   57  9223372036854775807  9223372036854775807                    0
            tcpsndbuf                  174400               226720  9223372036854775807  9223372036854775807                    0
            tcprcvbuf                  163840               212992  9223372036854775807  9223372036854775807                    0
            othersockbuf               138720               149488  9223372036854775807  9223372036854775807                    0
            dgramrcvbuf                     0                 4360  9223372036854775807  9223372036854775807                    0
            numothersock                  157                  162  9223372036854775807  9223372036854775807                    0
            dcachesize                1739182              1908460  9223372036854775807  9223372036854775807                    0
            numfile                       447                  620  9223372036854775807  9223372036854775807                    0
            numiptent                      23                   23  9223372036854775807  9223372036854775807                    0
            swappages                       0                    0                    0               262144                    0
     1041:  kmemsize                  9723926             74149888  9223372036854775807  9223372036854775807                    0
            lockedpages                     0                    0  9223372036854775807  9223372036854775807                    0
            privvmpages                 35553                46098  9223372036854775807  9223372036854775807                    0
            shmpages                      338                  674  9223372036854775807  9223372036854775807                    0
            numproc                        32                   96  9223372036854775807  9223372036854775807                    0
            physpages                   32883                53242              8388608              8388608                    0
            vmguarpages                     0                    0  9223372036854775807  9223372036854775807                    0
            oomguarpages                18393                18393  9223372036854775807  9223372036854775807                    0
            numtcpsock                      6                    8  9223372036854775807  9223372036854775807                    0
            numflock                        4                    8  9223372036854775807  9223372036854775807                    0
            numpty                          0                    1  9223372036854775807  9223372036854775807                    0
            numsiginfo                      0                   66  9223372036854775807  9223372036854775807                    0
            tcpsndbuf                  104640               139520  9223372036854775807  9223372036854775807                    0
            tcprcvbuf                   98304               131072  9223372036854775807  9223372036854775807                    0
            othersockbuf               127160               166912  9223372036854775807  9223372036854775807                    0
            dgramrcvbuf                     0                 2312  9223372036854775807  9223372036854775807                    0
            numothersock                  149                  160  9223372036854775807  9223372036854775807                    0
            dcachesize                4933105             67171123  9223372036854775807  9223372036854775807                    0
            numfile                       515                  725  9223372036854775807  9223372036854775807                    0
            numiptent                      23                   23  9223372036854775807  9223372036854775807                    0
            swappages                       0                    0                    0               262144                    0
     1039:  kmemsize                  9765419             74215424  9223372036854775807  9223372036854775807                    0
            lockedpages                     0                    0  9223372036854775807  9223372036854775807                    0
            privvmpages                 33531                46018  9223372036854775807  9223372036854775807                    0
            shmpages                      338                  674  9223372036854775807  9223372036854775807                    0
            numproc                        32                   96  9223372036854775807  9223372036854775807                    0
            physpages                   30821                51082              8388608              8388608                    0
            vmguarpages                     0                    0  9223372036854775807  9223372036854775807                    0
            oomguarpages                16351                16353  9223372036854775807  9223372036854775807                    0
            numtcpsock                      6                    8  9223372036854775807  9223372036854775807                    0
            numflock                        4                    8  9223372036854775807  9223372036854775807                    0
            numpty                          0                    2  9223372036854775807  9223372036854775807                    0
            numsiginfo                      0                   69  9223372036854775807  9223372036854775807                    0
            tcpsndbuf                  104640               139520  9223372036854775807  9223372036854775807                    0
            tcprcvbuf                   98304               131072  9223372036854775807  9223372036854775807                    0
            othersockbuf               127160               166912  9223372036854775807  9223372036854775807                    0
            dgramrcvbuf                     0                 2312  9223372036854775807  9223372036854775807                    0
            numothersock                  149                  160  9223372036854775807  9223372036854775807                    0
            dcachesize                4934016             67277710  9223372036854775807  9223372036854775807                    0
            numfile                       515                  685  9223372036854775807  9223372036854775807                    0
            numiptent                      23                   23  9223372036854775807  9223372036854775807                    0
            swappages                       0                    0                    0               262144                    0
     1037:  kmemsize                  9997707             75698176  9223372036854775807  9223372036854775807                    0
            lockedpages                     0                    0  9223372036854775807  9223372036854775807                    0
            privvmpages                205157               209335  9223372036854775807  9223372036854775807                    0
            shmpages                        1                    2  9223372036854775807  9223372036854775807                    0
            numproc                        55                  111  9223372036854775807  9223372036854775807                    0
            physpages                  134331               173326                    0               262144                    0
            vmguarpages                     0                    0  9223372036854775807  9223372036854775807                    0
            oomguarpages                67463                71339  9223372036854775807  9223372036854775807                    0
            numtcpsock                      5                   22  9223372036854775807  9223372036854775807                    0
            numflock                        9                   13  9223372036854775807  9223372036854775807                    0
            numpty                          0                    1  9223372036854775807  9223372036854775807                    0
            numsiginfo                      0                   57  9223372036854775807  9223372036854775807                    0
            tcpsndbuf                   87200              1094360  9223372036854775807  9223372036854775807                    0
            tcprcvbuf                   81920              1907704  9223372036854775807  9223372036854775807                    0
            othersockbuf               129472               151024  9223372036854775807  9223372036854775807                    0
            dgramrcvbuf                     0                 2312  9223372036854775807  9223372036854775807                    0
            numothersock                  146                  158  9223372036854775807  9223372036854775807                    0
            dcachesize                5155737             68190427  9223372036854775807  9223372036854775807                    0
            numfile                       679                  890  9223372036854775807  9223372036854775807                    0
            numiptent                      23                   23  9223372036854775807  9223372036854775807                    0
            swappages                       0                    0                    0               262144                    0
     1035:  kmemsize                 16542779             84254720  9223372036854775807  9223372036854775807                    0
            lockedpages                     0                 1055  9223372036854775807  9223372036854775807                    0
            privvmpages                241888               346349  9223372036854775807  9223372036854775807                    0
            shmpages                      488                  488  9223372036854775807  9223372036854775807                    0
            numproc                       140                  228  9223372036854775807  9223372036854775807                    0
            physpages                   31144               128039               786432               786432                    0
            vmguarpages                     0                    0  9223372036854775807  9223372036854775807                    0
            oomguarpages                14287                61042  9223372036854775807  9223372036854775807                    0
            numtcpsock                     13                   28  9223372036854775807  9223372036854775807                    0
            numflock                        5                    9  9223372036854775807  9223372036854775807                    0
            numpty                          0                    0  9223372036854775807  9223372036854775807                    0
            numsiginfo                      0                  105  9223372036854775807  9223372036854775807                    0
            tcpsndbuf                  226720               488320  9223372036854775807  9223372036854775807                    0
            tcprcvbuf                  212992               873096  9223372036854775807  9223372036854775807                    0
            othersockbuf               145656               171864  9223372036854775807  9223372036854775807                    0
            dgramrcvbuf                     0                26160  9223372036854775807  9223372036854775807                    0
            numothersock                  164                  176  9223372036854775807  9223372036854775807                    0
            dcachesize                8450509             70748557  9223372036854775807  9223372036854775807                    0
            numfile                       592                 1375  9223372036854775807  9223372036854775807                    0
            numiptent                      23                   23  9223372036854775807  9223372036854775807                    0
            swappages                       0                    0                    0               262144                    0